<blank>, 4, 48.5297052154195, 48
AH0, 4, 97.059410430839, 97
K, 7, 181.9863945578231, 181
AO1, 8, 279.0458049886621, 279
R, 4, 327.5755102040816, 327
D, 6, 400.37006802721083, 400
IH0, 4, 448.8997732426303, 448
NG, 4, 497.4294784580498, 497
T, 8, 594.4888888888888, 594
UW1, 9, 703.6807256235827, 703
AO1, 12, 849.2698412698412, 849
L, 11, 982.7265306122448, 982
N, 10, 1104.0507936507936, 1104
OW1, 12, 1249.639909297052, 1249
N, 10, 1370.9641723356008, 1370
L, 8, 1468.0235827664399, 1468
AO1, 10, 1589.3478458049885, 1589
Z, 8, 1686.4072562358276, 1686
AH1, 5, 1747.069387755102, 1747
V, 5, 1807.7315192743765, 1807
EY2, 8, 1904.7909297052156, 1904
V, 7, 1989.7179138321997, 1989
IY0, 9, 2098.9097505668933, 2098
EY1, 11, 2232.366439909297, 2232
SH, 8, 2329.4258503401356, 2329
AH0, 8, 2426.4852607709745, 2426
N, 12, 2572.074376417233, 2572
,, 30, 2936.0471655328793, 2936
DH, 14, 3105.9011337868474, 3105
EH1, 3, 3142.298412698412, 3142
R, 7, 3227.2253968253963, 3227
IH1, 7, 3312.1523809523806, 3312
Z, 7, 3397.079365079365, 3397
N, 8, 3494.1387755102037, 3494
OW1, 10, 3615.4630385487526, 3615
W, 9, 3724.6548752834465, 3724
EY1, 11, 3858.11156462585, 3858
AH0, 7, 3943.0385487528342, 3943
B, 5, 4003.7006802721085, 4003
IY1, 8, 4100.760090702947, 4100
SH, 8, 4197.819501133787, 4197
UH1, 6, 4270.614058956916, 4270
D, 5, 4331.27619047619, 4331
B, 3, 4367.673469387754, 4367
IY1, 8, 4464.732879818594, 4464
EY1, 10, 4586.057142857142, 4586
B, 6, 4658.851700680271, 4658
AH0, 3, 4695.248979591835, 4695
L, 5, 4755.91111111111, 4755
T, 7, 4840.838095238094, 4840
UW1, 6, 4913.632653061223, 4913
F, 7, 4998.5596371882075, 4998
L, 11, 5132.016326530611, 5132
AY1, 20, 5374.664852607709, 5374
., 12, 5520.253968253967, 5520
<blank>, 6, 5593.0485260770965, 5593
IH1, 4, 5641.578231292516, 5641
T, 2, 5665.843083900226, 5665
S, 7, 5750.77006802721, 5750
W, 6, 5823.564625850339, 5823
IH1, 9, 5932.756462585034, 5932
NG, 9, 6041.948299319727, 6041
Z, 11, 6175.404988662131, 6175
AA1, 6, 6248.19954648526, 6248
R, 4, 6296.729251700679, 6296
T, 4, 6345.258956916098, 6345
UW1, 8, 6442.3183673469375, 6442
S, 21, 6697.099319727889, 6697
M, 12, 6842.688435374148, 6842
AO1, 8, 6939.747845804987, 6939
L, 8, 7036.807256235827, 7036
T, 10, 7158.131519274375, 7158
UW1, 7, 7243.058503401359, 7243
G, 5, 7303.7206349206335, 7303
EH1, 5, 7364.382766439908, 7364
T, 5, 7425.044897959182, 7425
IH1, 7, 7509.971882086166, 7509
T, 4, 7558.5015873015855, 7558
S, 5, 7619.16371882086, 7619
F, 5, 7679.825850340134, 7679
AE1, 7, 7764.752834467118, 7764
T, 6, 7837.547392290247, 7837
L, 8, 7934.606802721087, 7934
IH1, 7, 8019.533786848071, 8019
T, 6, 8092.3283446712, 8092
AH0, 4, 8140.8580498866195, 8140
L, 3, 8177.255328798184, 8177
B, 5, 8237.917460317458, 8237
AA1, 8, 8334.976870748296, 8334
D, 11, 8468.4335600907, 8468
IY0, 9, 8577.625396825393, 8577
AO1, 8, 8674.684807256232, 8674
F, 12, 8820.27392290249, 8820
DH, 9, 8929.465759637184, 8929
AH0, 6, 9002.260317460312, 9002
G, 4, 9050.790022675732, 9050
R, 4, 9099.319727891152, 9099
AW1, 7, 9184.246712018135, 9184
N, 15, 9366.233106575959, 9366
D, 13, 9523.954648526073, 9523
., 8, 9621.014058956911, 9621
<blank>, 7, 9705.941043083894, 9705
DH, 7, 9790.868027210878, 9790
AH0, 4, 9839.397732426298, 9839
B, 1, 9851.530158730153, 9851
IY1, 2, 9875.795011337863, 9875
,, 8, 9972.854421768701, 9972
AH1, 11, 10106.311111111105, 10106
V, 7, 10191.238095238088, 10191
K, 2, 10215.502947845798, 10215
AO1, 5, 10276.165079365073, 10276
R, 6, 10348.959637188202, 10348
S, 8, 10446.01904761904, 10446
,, 10, 10567.343310657589, 10567
F, 12, 10712.932426303847, 10712
L, 18, 10931.316099773234, 10931
AY1, 12, 11076.905215419492, 11076
Z, 9, 11186.097052154186, 11186
EH1, 18, 11404.480725623573, 11404
N, 11, 11537.937414965976, 11537
IY0, 13, 11695.65895691609, 11695
W, 8, 11792.718367346928, 11792
EY2, 5, 11853.380498866203, 11853
B, 7, 11938.307482993187, 11938
IH0, 16, 12132.426303854865, 12132
K, 8, 12229.485714285704, 12229
AO1, 4, 12278.015419501124, 12278
Z, 6, 12350.809977324252, 12350
B, 6, 12423.60453514738, 12423
IY1, 7, 12508.531519274364, 12508
Z, 8, 12605.590929705202, 12605
D, 10, 12726.91519274375, 12726
OW1, 10, 12848.239455782299, 12848
N, 7, 12933.166439909282, 12933
T, 8, 13030.22585034012, 13030
K, 4, 13078.755555555541, 13078
EH1, 5, 13139.417687074816, 13139
R, 7, 13224.3446712018, 13224
W, 10, 13345.668934240348, 13345
AH1, 14, 13515.522902494316, 13515
T, 11, 13648.97959183672, 13648
HH, 4, 13697.50929705214, 13697
Y, 6, 13770.303854875268, 13770
UW1, 4, 13818.833560090688, 13818
M, 6, 13891.628117913817, 13891
AH0, 7, 13976.5551020408, 13976
N, 6, 14049.349659863929, 14049
Z, 4, 14097.879365079349, 14097
TH, 5, 14158.541496598624, 14158
IH1, 6, 14231.336054421752, 14231
NG, 8, 14328.39546485259, 14328
K, 6, 14401.190022675719, 14401
IH1, 3, 14437.587301587284, 14437
Z, 6, 14510.381859410412, 14510
IH0, 6, 14583.17641723354, 14583
M, 6, 14655.970975056669, 14655
P, 5, 14716.633106575944, 14716
AA1, 5, 14777.29523809522, 14777
S, 7, 14862.222222222203, 14862
AH0, 11, 14995.678911564606, 14995
B, 10, 15117.003174603155, 15117
AH0, 6, 15189.797732426283, 15189
L, 5, 15250.459863945558, 15250
., 4, 15298.989569160978, 15298
<blank>, 6, 15371.784126984106, 15371
Y, 12, 15517.373242630365, 15517
EH1, 0, 15517.373242630365, 15517
L, 4, 15565.902947845785, 15565
OW0, 3, 15602.30022675735, 15602
,, 8, 15699.359637188189, 15699
B, 11, 15832.816326530592, 15832
L, 11, 15966.273015872996, 15966
AE1, 9, 16075.464852607689, 16075
K, 7, 16160.391836734672, 16160
,, 9, 16269.583673469366, 16269
Y, 13, 16427.305215419477, 16427
EH1, 10, 16548.629478458028, 16548
L, 14, 16718.483446711994, 16718
OW0, 24, 17009.66167800451, 17009
,, 7, 17094.588662131497, 17094
B, 8, 17191.648072562337, 17191
L, 9, 17300.839909297032, 17300
AE1, 7, 17385.766893424017, 17385
K, 6, 17458.561451247147, 17458
,, 9, 17567.753287981843, 17567
Y, 13, 17725.474829931954, 17725
EH1, 10, 17846.799092970505, 17846
L, 17, 18053.050340136037, 18053
OW0, 25, 18356.36099773241, 18356
,, 7, 18441.287981859394, 18441
B, 9, 18550.47981859409, 18550
L, 10, 18671.80408163264, 18671
AE1, 9, 18780.995918367335, 18780
K, 8, 18878.055328798175, 18878
,, 9, 18987.24716553287, 18987
Y, 13, 19144.96870748298, 19144
EH1, 10, 19266.292970521532, 19266
L, 15, 19448.279365079354, 19448
OW0, 25, 19751.590022675726, 19751
,, 7, 19836.51700680271, 19836
B, 8, 19933.57641723355, 19933
L, 9, 20042.768253968246, 20042
AE1, 7, 20127.69523809523, 20127
K, 6, 20200.48979591836, 20200
., 9, 20309.681632653057, 20309
<blank>, 14, 20479.535600907024, 20479
UW1, 12, 20625.12471655328, 20625
,, 9, 20734.316553287976, 20734
B, 12, 20879.905668934232, 20879
L, 4, 20928.435374149652, 20928
AE1, 13, 21086.156916099764, 21086
K, 23, 21365.202721088426, 21365
AH0, 14, 21535.056689342393, 21535
N, 7, 21619.983673469378, 21619
D, 10, 21741.30793650793, 21741
Y, 9, 21850.499773242624, 21850
EH1, 7, 21935.42675736961, 21935
L, 4, 21983.95646258503, 21983
OW0, 5, 22044.618594104304, 22044
!, 7, 22129.54557823129, 22129
<blank>, 7, 22214.472562358274, 22214
L, 8, 22311.531972789115, 22311
EH1, 13, 22469.253514739226, 22469
T, 12, 22614.842630385483, 22614
S, 9, 22724.03446712018, 22724
SH, 4, 22772.5641723356, 22772
EY1, 3, 22808.961451247163, 22808
K, 4, 22857.491156462584, 22857
IH1, 9, 22966.68299319728, 22966
T, 8, 23063.74240362812, 23063
AH1, 11, 23197.199092970524, 23197
P, 9, 23306.39092970522, 23306
AH0, 7, 23391.317913832205, 23391
L, 5, 23451.98004535148, 23451
IH1, 6, 23524.77460317461, 23524
T, 6, 23597.56916099774, 23597
AH0, 6, 23670.36371882087, 23670
L, 6, 23743.158276644, 23743
., 7, 23828.085260770986, 23828
<blank>, 6, 23900.879818594116, 23900
B, 4, 23949.409523809536, 23949
AE1, 4, 23997.939229024956, 23997
R, 6, 24070.733786848086, 24070
IY0, 7, 24155.66077097507, 24155
!, 7, 24240.587755102057, 24240
<blank>, 4, 24289.117460317477, 24289
B, 2, 24313.382312925187, 24313
R, 8, 24410.441723356027, 24410
EH1, 10, 24531.765986394577, 24531
K, 11, 24665.222675736983, 24665
F, 15, 24847.209070294804, 24847
AH0, 3, 24883.60634920637, 24883
S, 4, 24932.13605442179, 24932
T, 1, 24944.268480725645, 24944
IH1, 2, 24968.533333333355, 24968
Z, 5, 25029.19546485263, 25029
R, 6, 25101.99002267576, 25101
EH1, 6, 25174.78458049889, 25174
D, 6, 25247.57913832202, 25247
IY0, 7, 25332.506122449005, 25332
!, 6, 25405.300680272136, 25405
<blank>, 6, 25478.095238095266, 25478
K, 8, 25575.154648526106, 25575
AH1, 8, 25672.214058956946, 25672
M, 9, 25781.40589569164, 25781
IH0, 6, 25854.20045351477, 25854
NG, 9, 25963.392290249467, 25963
!, 15, 26145.37868480729, 26145
<blank>, 2, 26169.643537415, 26169
HH, 4, 26218.17324263042, 26218
AE1, 2, 26242.43809523813, 26242
NG, 7, 26327.365079365114, 26327
AA1, 7, 26412.2920634921, 26412
N, 6, 26485.08662131523, 26485
AH0, 9, 26594.278458049925, 26594
S, 14, 26764.13242630389, 26764
EH1, 6, 26836.92698412702, 26836
K, 4, 26885.45668934244, 26885
AH0, 1, 26897.589115646297, 26897
N, 6, 26970.383673469427, 26970
D, 11, 27103.840362811832, 27103
., 8, 27200.899773242672, 27200
<blank>, 6, 27273.694331065803, 27273
HH, 5, 27334.356462585078, 27334
AH0, 9, 27443.548299319773, 27443
L, 10, 27564.872562358323, 27564
OW1, 8, 27661.931972789163, 27661
?, 6, 27734.726530612294, 27734
<blank>, 8, 27831.785941043134, 27831
B, 7, 27916.71292517012, 27916
AE1, 7, 28001.639909297104, 28001
R, 8, 28098.699319727944, 28098
IY0, 4, 28147.229024943364, 28147
?, 1, 28159.36145124722, 28159
<blank>, 5, 28220.023582766495, 28220
AE1, 10, 28341.347845805045, 28341
D, 16, 28535.46666666672, 28535
AH0, 11, 28668.923356009127, 28668
M, 10, 28790.247619047677, 28790
?, 4, 28838.777324263097, 28838
<blank>, 3, 28875.174603174662, 28875
K, 7, 28960.101587301648, 28960
AE1, 10, 29081.425850340198, 29081
N, 12, 29227.014965986455, 29227
Y, 13, 29384.736507936566, 29384
UW1, 5, 29445.39863945584, 29445
B, 4, 29493.92834467126, 29493
IH0, 5, 29554.590476190537, 29554
L, 11, 29688.047165532942, 29688
IY1, 6, 29760.841723356072, 29760
V, 9, 29870.033560090767, 29870
DH, 12, 30015.622675737024, 30015
IH1, 8, 30112.682086167864, 30112
S, 4, 30161.211791383284, 30161
IH1, 2, 30185.476643990994, 30185
Z, 11, 30318.9333333334, 30318
HH, 11, 30452.390022675805, 30452
AE1, 5, 30513.05215419508, 30513
P, 7, 30597.979138322065, 30597
AH0, 5, 30658.64126984134, 30658
N, 4, 30707.17097505676, 30707
IH0, 7, 30792.097959183746, 30792
NG, 11, 30925.55464852615, 30925
?, 9, 31034.746485260846, 31034
<blank>, 6, 31107.541043083977, 31107
AY1, 6, 31180.335600907107, 31180
K, 8, 31277.395011337947, 31277
AE1, 7, 31362.321995464932, 31362
N, 7, 31447.248979591917, 31447
T, 6, 31520.043537415047, 31520
., 9, 31629.235374149743, 31629
<blank>, 8, 31726.294784580583, 31726
AY1, 6, 31799.089342403713, 31799
L, 5, 31859.75147392299, 31859
P, 6, 31932.54603174612, 31932
IH1, 6, 32005.34058956925, 32005
K, 10, 32126.6648526078, 32126
Y, 3, 32163.062131519364, 32163
UW1, 4, 32211.591836734784, 32211
AH1, 7, 32296.51882086177, 32296
P, 11, 32429.975510204174, 32429
., 13, 32587.697052154286, 32587
<blank>, 10, 32709.021315192836, 32709
L, 8, 32806.08072562367, 32806
UH1, 12, 32951.66984126993, 32951
K, 7, 33036.59682539692, 33036
IH0, 4, 33085.12653061234, 33085
NG, 4, 33133.65623582776, 33133
SH, 12, 33279.24535147402, 33279
AA1, 8, 33376.30476190486, 33376
R, 7, 33461.231746031845, 33461
P, 8, 33558.291156462685, 33558
., 7, 33643.21814058967, 33643
<blank>, 9, 33752.409977324365, 33752
Y, 13, 33910.13151927448, 33910
UW1, 11, 34043.588208616886, 34043
S, 6, 34116.382766440016, 34116
DH, 0, 34116.382766440016, 34116
AH0, 4, 34164.912471655436, 34164
S, 3, 34201.309750567, 34201
T, 5, 34261.971882086276, 34261
EH1, 8, 34359.03129251712, 34359
R, 6, 34431.82585034025, 34431
Z, 7, 34516.75283446723, 34516
,, 12, 34662.34195011349, 34662
Y, 11, 34795.7986394559, 34795
AO1, 12, 34941.38775510216, 34941
R, 9, 35050.57959183685, 35050
F, 7, 35135.50657596384, 35135
AA1, 1, 35147.63900226769, 35147
DH, 4, 35196.16870748311, 35196
ER0, 3, 35232.56598639468, 35232
P, 10, 35353.89024943323, 35353
EY1, 11, 35487.346938775634, 35487
D, 7, 35572.27392290262, 35572
G, 6, 35645.06848072575, 35645
UH1, 7, 35729.995464852735, 35729
D, 10, 35851.319727891285, 35851
M, 13, 36009.0412698414, 36009
AH1, 14, 36178.89523809537, 36178
N, 8, 36275.95464852621, 36275
IY0, 6, 36348.74920634934, 36348
F, 5, 36409.411337868616, 36409
AO1, 3, 36445.80861678018, 36445
R, 5, 36506.470748299456, 36506
DH, 8, 36603.5301587303, 36603
OW1, 11, 36736.9868480727, 36736
Z, 8, 36834.04625850354, 36834
., 6, 36906.84081632667, 36906
<blank>, 9, 37016.03265306137, 37016
S, 10, 37137.35691609992, 37137
AA1, 11, 37270.81360544232, 37270
R, 8, 37367.87301587316, 37367
IY0, 6, 37440.66757369629, 37440
., 8, 37537.72698412713, 37537
<blank>, 7, 37622.65396825412, 37622
AY1, 6, 37695.44852607725, 37695
M, 6, 37768.24308390038, 37768
IH0, 7, 37853.170068027364, 37853
K, 6, 37925.964625850494, 37925
S, 4, 37974.494331065915, 37974
AY1, 5, 38035.15646258519, 38035
T, 8, 38132.21587301603, 38132
AH0, 17, 38338.467120181565, 38338
D, 16, 38532.585941043246, 38532
., 12, 38678.175056689506, 38678
